local OrionLib = loadstring(game:HttpGet(('https://raw.githubusercontent.com/shlexware/Orion/main/source')))()
local Window = OrionLib:MakeWindow({Name = "ตกปลาประทังชีวิต Xecross", HidePremium = false, SaveConfig = true, ConfigFolder = "OrionTest"})
local Tab = Window:MakeTab({
	Name = "main",
	Icon = "rbxassetid://4483345998",
	PremiumOnly = false
})
local Section = Tab:AddSection({
	Name = "เมนูฟาร์ม"
})
OrionLib:MakeNotification({
	Name = "Title!",
	Content = "Notification content... what will it say??",
	Image = "rbxassetid://4483345998",
	Time = 5
})
Tab:AddButton({
	Name = "ขายปลาทั้งหมด",
	Callback = function()
      		workspace.world.npcs:FindFirstChild("Marc Merchant").merchant.sellall:InvokeServer()
  	end    
})

Tab:AddButton({
	Name = "หย่อนเหยือ",
	Callback = function()
      		local args = {
    [1] = 100
}

game:GetService("Players").LocalPlayer.Character:FindFirstChild("Nocturnal Rod").events.cast:FireServer(unpack(args))

  	end    
})

Tab:AddButton({
	Name = "ขายปลาหนึ่งตัว",
	Callback = function()
      		workspace.world.npcs:FindFirstChild("Marc Merchant").merchant.sell:InvokeServer()
  	end    
})

Tab:AddButton({
	Name = "ตกปลาออโต้",
	Callback = function()
      		local Players = game:GetService('Players')
local CoreGui = game:GetService('StarterGui')
local ReplicatedStorage = game:GetService('ReplicatedStorage')
local ContextActionService = game:GetService('ContextActionService')
local VirtualInputManager = game:GetService('VirtualInputManager')

local LocalPlayer = Players.LocalPlayer

local Enabled = false
local Rod = false
local Casted = false
local Progress = false
local Finished = false

local Keybind = Enum.KeyCode.F

function ShowNotification(String)
    CoreGui:SetCore('SendNotification', {
        Title = 'Notification',
        Text = String,
        Duration = 1
    })
end

function ToggleFarm(Name, State, Input)
    if State == Enum.UserInputState.Begin then
        Enabled = not Enabled

        LocalPlayer.Character.HumanoidRootPart.Anchored = Enabled
        
        if not Enabled then
            Finished = false
            Progress = false
            
            if Rod then
                Rod.events.reset:FireServer()
            end
        end
        
        ShowNotification(`[CHEATER.FUN] Status: {Enabled}`)
    end
end

LocalPlayer.Character.ChildAdded:Connect(function(Child)
    if Child:IsA('Tool') and Child.Name:lower():find('rod') then
        Rod = Child
    end
end)

LocalPlayer.Character.ChildRemoved:Connect(function(Child)
    if Child == Rod then
        Enabled = false
        Finished = false
        Progress = false
        Rod = nil
    end
end)

LocalPlayer.PlayerGui.DescendantAdded:Connect(function(Descendant)
    if Descendant.Name == 'button' and Descendant.Parent.Name == 'safezone' then
        task.wait(0.1)
        local ButtonPosition, ButtonSize = Descendant.AbsolutePosition, Descendant.AbsoluteSize
        VirtualInputManager:SendMouseButtonEvent(ButtonPosition.X + (ButtonSize.X / 2), ButtonPosition.Y + (ButtonSize.Y / 2), Enum.UserInputType.MouseButton1.Value, true, LocalPlayer.PlayerGui, 1)
        VirtualInputManager:SendMouseButtonEvent(ButtonPosition.X + (ButtonSize.X / 2), ButtonPosition.Y + (ButtonSize.Y / 2), Enum.UserInputType.MouseButton1.Value, false, LocalPlayer.PlayerGui, 1)
    elseif Descendant.Name == 'playerbar' and Descendant.Parent.Name == 'bar' then
        Finished = true
        Descendant:GetPropertyChangedSignal('Position'):Wait()
        ReplicatedStorage.events.reelfinished:FireServer(100, true)
    end
end)

LocalPlayer.PlayerGui.DescendantRemoving:Connect(function(Descendant)
    if Descendant.Name == 'reel' then
        Finished = false
        Progress = false
    end
end)

coroutine.wrap(function()
    while true do
        if Enabled and not Progress then
            if Rod then
                Progress = true
                task.wait(0.5)
                Rod.events.reset:FireServer()
                Rod.events.cast:FireServer(100.5)
            end
        end
    
        task.wait()
    end
end)()

local NewRod = LocalPlayer.Character:FindFirstChildWhichIsA('Tool')

if NewRod and NewRod.Name:lower():find('rod') then
    Rod = NewRod
end

ContextActionService:BindAction('ToggleFarm', ToggleFarm, false, Keybind)
ShowNotification(`Press '{Keybind.Name}' to enable/disable`)
  	end    
})

local Tab = Window:MakeTab({
	Name = "วาร์ปเกาะ",
	Icon = "rbxassetid://4483345998",
	PremiumOnly = false
})

Tab:AddButton({
	Name = "Moosewood",
	Callback = function()
      		local Tween = game:GetService("TweenService")

local Tw = Tween:Create(game.Players.LocalPlayer.Character.HumanoidRootPart, TweenInfo.new(1, Enum.EasingStyle.Linear, Enum.EasingDirection.Out,0,false,0),
{CFrame = CFrame.new(500.488434, 147.40181, 219.991364, -0.564704418, 0, -0.825293183, 0, 1, 0, 0.825293183, 0, -0.564704418)}):Play()
  	end    
})

Tab:AddButton({
	Name = "ที่เอ็นชาตเบ็ด",
	Callback = function()
      		local Tween = game:GetService("TweenService")

local Tw = Tween:Create(game.Players.LocalPlayer.Character.HumanoidRootPart, TweenInfo.new(1, Enum.EasingStyle.Linear, Enum.EasingDirection.Out,0,false,0),
{CFrame = CFrame.new(1294.57568, -807.365051, -307.565216, 0.0331695676, 0, 0.99944973, 0, 1, 0, -0.99944973, 0, 0.0331695676)}):Play()
  	end    
})

Tab:AddButton({
	Name = "Roslit",
	Callback = function()
      		local Tween = game:GetService("TweenService")

local Tw = Tween:Create(game.Players.LocalPlayer.Character.HumanoidRootPart, TweenInfo.new(1, Enum.EasingStyle.Linear, Enum.EasingDirection.Out,0,false,0),
{CFrame = CFrame.new(-1510.43311, 129.750626, 615.421875, -1, 0, 0, 0, 1, 0, 0, 0, -1)}):Play()
  	end    
})

Tab:AddButton({
	Name = "Snowcap",
	Callback = function()
      		local Tween = game:GetService("TweenService")

local Tw = Tween:Create(game.Players.LocalPlayer.Character.HumanoidRootPart, TweenInfo.new(1, Enum.EasingStyle.Linear, Enum.EasingDirection.Out,0,false,0),
{CFrame = CFrame.new(2671.10767, 148.350555, 2388.95117, -0.464032531, -0.044061318, -0.884721994, -0.0204825327, 0.999028802, -0.0390110984, 0.885581613, 1.89337879e-05, -0.464484453)}):Play()
  	end    
})

Tab:AddButton({
	Name = "Sunstone",
	Callback = function()
      		local Tween = game:GetService("TweenService")

local Tw = Tween:Create(game.Players.LocalPlayer.Character.HumanoidRootPart, TweenInfo.new(1, Enum.EasingStyle.Linear, Enum.EasingDirection.Out,0,false,0),
{CFrame = CFrame.new(-902.682922, 136.266068, -1128.6886, 0.939700544, -0, -0.341998369, 0, 1, -0, 0.341998369, 0, 0.939700544)}):Play()
  	end    
})

Tab:AddButton({
	Name = "ถ้ำใต้น้ำวน",
	Callback = function()
      		local Tween = game:GetService("TweenService")

local Tw = Tween:Create(game.Players.LocalPlayer.Character.HumanoidRootPart, TweenInfo.new(1, Enum.EasingStyle.Linear, Enum.EasingDirection.Out,0,false,0),
{CFrame = CFrame.new(-78.5218506, -482.720367, 1040.32788, -1, 0, 0, 0, 1, 0, 0, 0, -1)}):Play()
  	end    
})

local Tab = Window:MakeTab({
	Name = "วาร์ปหา NPC",
	Icon = "rbxassetid://4483345998",
	PremiumOnly = false
})

Tab:AddButton({
	Name = "Kenith",
	Callback = function()
      		local Tween = game:GetService("TweenService")

local Tw = Tween:Create(game.Players.LocalPlayer.Character.HumanoidRootPart, TweenInfo.new(1, Enum.EasingStyle.Linear, Enum.EasingDirection.Out,0,false,0),
{CFrame = CFrame.new(-1143.18164, 133.957733, -1077.20447, -0.898012161, 0.0202647895, 0.439503819, 0, 0.998938739, -0.0460593998, -0.439970732, -0.0413619056, -0.897059083)}):Play()
  	end    
})

Tab:AddButton({
	Name = "Merlin",
	Callback = function()
      		local Tween = game:GetService("TweenService")

local Tw = Tween:Create(game.Players.LocalPlayer.Character.HumanoidRootPart, TweenInfo.new(1, Enum.EasingStyle.Linear, Enum.EasingDirection.Out,0,false,0),
{CFrame = CFrame.new(-928.732727, 221.665527, -998.556335, -0.734070361, -0.00613439828, 0.679045618, 0.00437971018, 0.999895632, 0.013767533, -0.679059148, 0.0130803734, -0.733966887)}):Play()  	
         end    
})

Tab:AddButton({
    Name = "Rhea",
    Callback = function()
              local Tween = game:GetService("TweenService")

local Tw = Tween:Create(game.Players.LocalPlayer.Character.HumanoidRootPart, TweenInfo.new(1, Enum.EasingStyle.Linear, Enum.EasingDirection.Out,0,false,0),
{CFrame = CFrame.new(-1038.18005, 202.834351, -1115.60571, 0.00302838162, 0.0604981929, -0.9981637, 0.0511057898, 0.996854544, 0.0605739057, 0.998688638, -0.0511953868, -7.2941184e-05)}):Play()
      end
})

Tab:AddButton({
    Name = "Latern Keeper",
    Callback = function()
              local Tween = game:GetService("TweenService")

local Tw = Tween:Create(game.Players.LocalPlayer.Character.HumanoidRootPart, TweenInfo.new(1, Enum.EasingStyle.Linear, Enum.EasingDirection.Out,0,false,0),
{CFrame = CFrame.new(716.153564, 168.991837, 335.96991, 0.247647122, 0.387066364, -0.888172567, -0.197293222, 0.91766715, 0.34490931, 0.948549569, 0.0898146331, 0.303623199)}):Play()
      end
})

Tab:AddButton({
    Name = "Daisy",
    Callback = function()
              local Tween = game:GetService("TweenService")

local Tw = Tween:Create(game.Players.LocalPlayer.Character.HumanoidRootPart, TweenInfo.new(1, Enum.EasingStyle.Linear, Enum.EasingDirection.Out,0,false,0),
{CFrame = CFrame.new(581.550049, 166.980499, 213.499969, -0.951949298, 0, -0.306255639, 0, 1, 0, 0.306255639, 0, -0.951949298)}):Play()
      end
})

Tab:AddButton({
    Name = "Quiet Synph",
    Callback = function()
              local Tween = game:GetService("TweenService")

local Tw = Tween:Create(game.Players.LocalPlayer.Character.HumanoidRootPart, TweenInfo.new(1, Enum.EasingStyle.Linear, Enum.EasingDirection.Out,0,false,0),
{CFrame = CFrame.new(566.36377, 151.671829, 353.99292, -0.753510654, 0.00369122624, -0.65742588, -0.0073255091, 0.999875069, 0.0140100941, 0.657395482, 0.0153727382, -0.753389418)}):Play()
      end
})

Tab:AddButton({
    Name = "Mods Latern Keeper",
    Callback = function()
              local Tween = game:GetService("TweenService")

local Tw = Tween:Create(game.Players.LocalPlayer.Character.HumanoidRootPart, TweenInfo.new(1, Enum.EasingStyle.Linear, Enum.EasingDirection.Out,0,false,0),
{CFrame = CFrame.new(-39.1237717, -245.125, 195.779648, -0.987670183, -0.156190515, -0.0105889142, -0.153144032, 0.949944615, 0.272308856, -0.032473173, 0.27057299, -0.962151647)}):Play()
      end
})
